4 0.501953125 0.0966796875 0.2685546875 0.169921875
4 0.8310546875 0.1015625 0.2783203125 0.150390625
4 0.1748046875 0.3173828125 0.326171875 0.162109375
4 0.509765625 0.3154296875 0.2861328125 0.158203125
4 0.8330078125 0.3251953125 0.28125 0.162109375
4 0.15625 0.5263671875 0.306640625 0.1875
4 0.5107421875 0.5283203125 0.283203125 0.169921875
4 0.845703125 0.5263671875 0.3017578125 0.138671875
4 0.1689453125 0.7470703125 0.3125 0.1796875
4 0.5029296875 0.7421875 0.314453125 0.1455078125
4 0.8388671875 0.759765625 0.2685546875 0.1611328125