0 0.130859375 0.1171875 0.220703125 0.2080078125
0 0.375 0.1123046875 0.201171875 0.2236328125
0 0.640625 0.1376953125 0.220703125 0.244140625
0 0.8701171875 0.1376953125 0.197265625 0.275390625
0 0.1220703125 0.3720703125 0.181640625 0.201171875
0 0.3564453125 0.3671875 0.2109375 0.203125
0 0.626953125 0.4033203125 0.201171875 0.1875
0 0.8544921875 0.4140625 0.1796875 0.1748046875
0 0.1435546875 0.6123046875 0.2392578125 0.234375
0 0.3876953125 0.619140625 0.2373046875 0.201171875
0 0.6123046875 0.634765625 0.189453125 0.1845703125
0 0.8515625 0.6357421875 0.2421875 0.181640625
0 0.8515625 0.875 0.212890625 0.1982421875
0 0.6171875 0.859375 0.2158203125 0.2294921875
0 0.361328125 0.8857421875 0.212890625 0.228515625
0 0.130859375 0.888671875 0.201171875 0.1923828125