0 0.212890625 0.302734375 0.0966796875 0.109375
0 0.3779296875 0.3037109375 0.1015625 0.1044921875
0 0.544921875 0.3037109375 0.0966796875 0.109375
0 0.712890625 0.3095703125 0.099609375 0.1123046875
0 0.2919921875 0.43359375 0.099609375 0.111328125
0 0.4609375 0.435546875 0.103515625 0.109375
0 0.6298828125 0.4375 0.099609375 0.1123046875
0 0.794921875 0.439453125 0.0986328125 0.107421875
0 0.208984375 0.5625 0.0966796875 0.109375
0 0.37890625 0.56640625 0.09375 0.1142578125
0 0.5458984375 0.56640625 0.1015625 0.1171875
0 0.7138671875 0.5693359375 0.099609375 0.109375
0 0.4775390625 0.732421875 0.0234375 0.033203125
0 0.2587890625 0.767578125 0.025390625 0.0341796875
0 0.103515625 0.771484375 0.021484375 0.0361328125
0 0.634765625 0.791015625 0.0263671875 0.037109375
0 0.8427734375 0.81640625 0.0283203125 0.037109375