0 0.2353515625 0.16015625 0.037109375 0.0283203125
0 0.328125 0.16796875 0.0361328125 0.0283203125
0 0.412109375 0.1728515625 0.03125 0.025390625
0 0.28125 0.2353515625 0.033203125 0.0283203125
0 0.3681640625 0.2392578125 0.03125 0.025390625
0 0.4482421875 0.240234375 0.0205078125 0.025390625
0 0.173828125 0.2939453125 0.03125 0.021484375
0 0.326171875 0.306640625 0.03125 0.025390625
0 0.408203125 0.30859375 0.03125 0.025390625
0 0.3740234375 0.556640625 0.09375 0.0751953125
0 0.2470703125 0.7939453125 0.041015625 0.021484375