2 0.3564453125 0.576171875 0.283203125 0.1376953125
0 0.763671875 0.255859375 0.2373046875 0.0751953125
0 0.5546875 0.4130859375 0.109375 0.216796875
0 0.76953125 0.4306640625 0.2138671875 0.201171875
0 0.9501953125 0.423828125 0.099609375 0.1875
0 0.5859375 0.662109375 0.171875 0.216796875
0 0.771484375 0.662109375 0.201171875 0.197265625
0 0.94140625 0.646484375 0.1171875 0.1982421875
0 0.9560546875 0.884765625 0.087890625 0.212890625
0 0.7919921875 0.8818359375 0.2314453125 0.236328125
0 0.576171875 0.904296875 0.1513671875 0.1904296875