3 0.1591796875 0.0810546875 0.318359375 0.1298828125
3 0.5078125 0.0703125 0.3046875 0.119140625
3 0.833984375 0.068359375 0.3095703125 0.125
3 0.1484375 0.2236328125 0.291015625 0.138671875
3 0.5078125 0.2314453125 0.291015625 0.1220703125
3 0.8359375 0.2265625 0.2919921875 0.087890625
3 0.162109375 0.376953125 0.322265625 0.099609375
3 0.4970703125 0.3798828125 0.3173828125 0.126953125
3 0.833984375 0.375 0.2919921875 0.1220703125
3 0.1796875 0.5390625 0.3330078125 0.1142578125
3 0.4970703125 0.5283203125 0.3046875 0.1123046875
3 0.833984375 0.53125 0.2783203125 0.119140625
3 0.1767578125 0.677734375 0.2734375 0.125
3 0.4970703125 0.6826171875 0.2861328125 0.134765625
3 0.837890625 0.6845703125 0.3017578125 0.119140625
3 0.1796875 0.833984375 0.2734375 0.140625
3 0.5078125 0.8330078125 0.3046875 0.134765625
3 0.833984375 0.833984375 0.3173828125 0.1123046875