3 0.083984375 0.0322265625 0.16796875 0.064453125
3 0.072265625 0.1337890625 0.14453125 0.142578125
3 0.302734375 0.1162109375 0.2529296875 0.154296875
3 0.080078125 0.2900390625 0.16015625 0.158203125
3 0.3095703125 0.2646484375 0.240234375 0.154296875
0 0.095703125 0.5166015625 0.19140625 0.197265625
0 0.3134765625 0.51171875 0.1923828125 0.185546875
0 0.09375 0.748046875 0.1875 0.197265625
0 0.314453125 0.732421875 0.2314453125 0.1982421875
0 0.3291015625 0.931640625 0.201171875 0.1357421875
0 0.111328125 0.9248046875 0.22265625 0.150390625
4 0.8115234375 0.806640625 0.2890625 0.3232421875