0 0.6767578125 0.294921875 0.021484375 0.033203125
0 0.24609375 0.310546875 0.0234375 0.033203125
1 0.4462890625 0.322265625 0.0732421875 0.072265625
1 0.2724609375 0.375 0.076171875 0.072265625
0 0.6748046875 0.513671875 0.0234375 0.0341796875
0 0.525390625 0.546875 0.0234375 0.0283203125
0 0.1103515625 0.56640625 0.0263671875 0.0341796875
0 0.326171875 0.576171875 0.025390625 0.025390625
1 0.712890625 0.576171875 0.0986328125 0.064453125
1 0.5595703125 0.5888671875 0.0908203125 0.0498046875
1 0.86328125 0.6083984375 0.0888671875 0.0830078125
1 0.1494140625 0.6123046875 0.095703125 0.0595703125
1 0.3642578125 0.626953125 0.099609375 0.0703125
0 0.3994140625 0.2568359375 0.0234375 0.03125