3 0.052734375 0.3828125 0.1044921875 0.3251953125
3 0.5166015625 0.056640625 0.306640625 0.11328125
3 0.8388671875 0.0146484375 0.302734375 0.029296875
3 0.537109375 0.1748046875 0.3359375 0.1845703125
3 0.8564453125 0.1044921875 0.287109375 0.1748046875
3 0.3798828125 0.390625 0.099609375 0.1748046875
3 0.564453125 0.3203125 0.3203125 0.1689453125
3 0.8740234375 0.2587890625 0.251953125 0.169921875
3 0.376953125 0.5 0.095703125 0.119140625
3 0.59375 0.46875 0.306640625 0.181640625
3 0.8837890625 0.4072265625 0.232421875 0.173828125
3 0.8935546875 0.5146484375 0.212890625 0.0888671875