0 0.146484375 0.1328125 0.29296875 0.265625
0 0.140625 0.064453125 0.162109375 0.1279296875
0 0.142578125 0.146484375 0.28515625 0.19921875
2 0.7177734375 0.1357421875 0.193359375 0.1845703125
2 0.181640625 0.3525390625 0.1015625 0.044921875
0 0.478515625 0.365234375 0.1796875 0.072265625
0 0.677734375 0.3916015625 0.244140625 0.123046875
0 0.8994140625 0.4365234375 0.201171875 0.216796875
0 0.4375 0.5234375 0.0966796875 0.234375
0 0.607421875 0.568359375 0.248046875 0.2421875
0 0.8642578125 0.6591796875 0.236328125 0.224609375
0 0.439453125 0.763671875 0.099609375 0.279296875
0 0.5859375 0.8212890625 0.2734375 0.2470703125
0 0.802734375 0.8828125 0.2236328125 0.220703125
0 0.94921875 0.91015625 0.1015625 0.1796875
0 0.509765625 0.970703125 0.2421875 0.0576171875